service_id,monday,tuesday,wednesday,thursday,friday,saturday,sunday,start_date,end_date
1_87865,1,1,1,1,1,0,0,20260105,20991231
1_87866,1,1,1,1,1,0,0,20260105,20991231
1_87867,1,1,1,1,1,0,0,20260105,20991231
1_87868,1,1,1,1,1,0,0,20260105,20991231
1_87869,1,1,1,1,1,0,0,20260105,20991231
1_87870,1,1,1,1,1,0,0,20260105,20991231
1_87871,1,1,1,1,1,0,0,20260105,20991231
1_87872,1,1,1,1,1,0,0,20260105,20991231
1_87873,1,1,1,1,1,0,0,20260105,20991231
1_87874,1,1,1,1,1,0,0,20260105,20991231
1_87875,1,1,1,1,1,0,0,20260105,20991231
1_87876,1,1,1,1,1,0,0,20260105,20991231
1_87877,1,1,1,1,1,0,0,20260105,20991231
1_87878,1,1,1,1,1,0,0,20260105,20991231
1_87879,1,1,1,1,1,0,0,20260105,20991231
1_87880,1,1,1,1,1,0,0,20260105,20991231
1_87881,1,1,1,1,1,0,0,20260105,20991231
1_87882,1,1,1,1,1,0,0,20260105,20991231
1_87883,1,1,1,1,1,0,0,20260105,20991231
1_87884,1,1,1,1,1,0,0,20260105,20991231
1_87885,1,1,1,1,1,0,0,20260105,20991231
1_87886,1,1,1,1,1,0,0,20260105,20991231
1_87905,1,1,1,1,1,0,0,20260105,20260430
1_87906,1,1,1,1,1,0,0,20260105,20260430
1_87907,1,1,1,1,1,0,0,20260105,20260430
1_87908,1,1,1,1,1,0,0,20260105,20260430
1_87909,1,1,1,1,1,0,0,20260105,20260430
1_87910,1,1,1,1,1,0,0,20260105,20260430
1_87911,1,1,1,1,1,0,0,20260105,20260430
1_87912,1,1,1,1,1,0,0,20260105,20260430
1_87913,1,1,1,1,1,0,0,20260105,20260430
1_87914,1,1,1,1,1,0,0,20260105,20260430
1_87915,1,1,1,1,1,0,0,20260105,20260430
1_87916,1,1,1,1,1,0,0,20260105,20260430
1_87917,1,1,1,1,1,0,0,20260105,20260430
1_87918,1,1,1,1,1,0,0,20260105,20260430
1_87919,1,1,1,1,1,0,0,20260105,20260430
1_87920,1,1,1,1,1,0,0,20260105,20260430
1_87921,1,1,1,1,1,0,0,20260105,20260430
1_87922,1,1,1,1,1,0,0,20260105,20260430
1_88002,0,0,0,0,0,1,1,20260101,20991231
1_88003,0,0,0,0,0,1,1,20260101,20991231
1_88004,0,0,0,0,0,1,1,20260101,20991231
1_88005,0,0,0,0,0,1,1,20260101,20991231
1_88006,0,0,0,0,0,1,1,20260101,20991231
1_88007,0,0,0,0,0,1,1,20260101,20991231
1_88008,0,0,0,0,0,1,1,20260101,20991231
1_88009,0,0,0,0,0,1,1,20260101,20991231
1_88010,0,0,0,0,0,1,1,20260101,20991231
1_88023,0,0,0,0,0,1,1,20260101,20991231
1_88024,0,0,0,0,0,1,1,20260101,20991231
1_88025,0,0,0,0,0,1,1,20260101,20991231
1_88026,0,0,0,0,0,1,1,20260101,20991231
1_88027,0,0,0,0,0,1,1,20260101,20991231
1_88028,0,0,0,0,0,1,1,20260101,20991231
1_88029,0,0,0,0,0,1,1,20260101,20991231
1_88030,0,0,0,0,0,1,1,20260101,20991231
1_88031,0,0,0,0,0,1,1,20260101,20991231
1_88801,1,1,1,1,1,0,0,20260401,20991231
1_88802,1,1,1,1,1,0,0,20260401,20991231
1_88803,0,0,0,0,0,1,1,20260404,20991231
1_88804,0,0,0,0,0,1,1,20260404,20991231
1_88805,0,0,0,0,0,1,1,20260404,20991231
1_88806,0,0,0,0,0,1,1,20260404,20991231
1_88807,0,0,0,0,0,1,1,20260404,20991231
1_88813,0,0,0,0,0,1,1,20260404,20991231
1_88814,0,0,0,0,0,1,1,20260404,20991231
1_88815,0,0,0,0,0,1,1,20260404,20991231
1_88816,0,0,0,0,0,1,1,20260404,20991231
1_88817,0,0,0,0,0,1,1,20260404,20991231
1_88818,0,0,0,0,0,1,1,20260404,20991231
1_88819,0,0,0,0,0,1,1,20260404,20991231
1_88882,0,0,0,0,0,1,1,20260411,20991231
1_88883,0,0,0,0,0,1,1,20260411,20991231
1_88884,0,0,0,0,0,1,1,20260411,20991231
1_88885,0,0,0,0,0,1,1,20260411,20991231
1_88904,1,1,1,1,1,0,0,20260409,20991231
1_88905,1,1,1,1,1,0,0,20260409,20991231
1_88906,1,1,1,1,1,0,0,20260409,20991231
1_88907,1,1,1,1,1,0,0,20260409,20991231
1_88908,1,1,1,1,1,0,0,20260409,20991231
1_88909,1,1,1,1,1,0,0,20260409,20991231
1_88910,1,1,1,1,1,0,0,20260409,20991231
1_88911,1,1,1,1,1,0,0,20260409,20991231
1_88912,1,1,1,1,1,0,0,20260409,20991231
1_88913,1,1,1,1,1,0,0,20260409,20991231
1_88914,1,1,1,1,1,0,0,20260409,20991231
1_88915,1,1,1,1,1,0,0,20260409,20991231
1_88916,1,1,1,1,1,0,0,20260409,20991231
1_88917,1,1,1,1,1,0,0,20260409,20991231
1_88918,1,1,1,1,1,0,0,20260409,20991231
1_88919,1,1,1,1,1,0,0,20260409,20991231
1_88920,1,1,1,1,1,0,0,20260409,20991231
1_88921,1,1,1,1,1,0,0,20260409,20991231
1_88934,1,1,1,1,1,0,0,20260420,20991231
1_88935,1,1,1,1,1,0,0,20260420,20991231
1_88936,1,1,1,1,1,0,0,20260420,20991231
1_88937,1,1,1,1,1,0,0,20260420,20991231
1_89001,0,0,0,0,0,1,1,20260420,20991231
1_89002,0,0,0,0,0,1,1,20260420,20991231
1_89003,0,0,0,0,0,1,1,20260420,20991231
1_89004,0,0,0,0,0,1,1,20260420,20991231
1_89005,0,0,0,0,0,1,1,20260420,20991231
1_89006,0,0,0,0,0,1,1,20260420,20991231
1_89007,0,0,0,0,0,1,1,20260420,20991231
1_89008,0,0,0,0,0,1,1,20260420,20991231
1_89009,0,0,0,0,0,1,1,20260420,20991231
1_89010,0,0,0,0,0,1,1,20260420,20991231
1_89011,0,0,0,0,0,1,1,20260420,20991231
1_89022,0,0,0,0,0,1,1,20260420,20991231
1_89023,0,0,0,0,0,1,1,20260420,20991231
1_89024,0,0,0,0,0,1,1,20260420,20991231
1_89025,0,0,0,0,0,1,1,20260420,20991231
1_89026,0,0,0,0,0,1,1,20260420,20991231
1_89027,0,0,0,0,0,1,1,20260420,20991231
1_89028,0,0,0,0,0,1,1,20260420,20991231
1_89029,0,0,0,0,0,1,1,20260420,20991231
1_89032,0,0,0,0,0,1,1,20260420,20991231
1_89033,0,0,0,0,0,1,1,20260420,20991231
1_89050,1,1,1,1,1,0,0,20260427,20991231
1_89051,1,1,1,1,1,0,0,20260427,20991231
1_89052,1,1,1,1,1,0,0,20260427,20991231
1_89053,1,1,1,1,1,0,0,20260427,20991231
1_89073,1,1,1,1,1,0,0,20260427,20991231
1_89074,1,1,1,1,1,0,0,20260427,20991231
1_89075,1,1,1,1,1,0,0,20260427,20991231
1_89076,1,1,1,1,1,0,0,20260427,20991231
1_89077,1,1,1,1,1,0,0,20260427,20991231
1_89078,1,1,1,1,1,0,0,20260427,20991231
1_89104,0,0,0,0,0,1,1,20260425,20260430
1_89105,0,0,0,0,0,1,1,20260425,20260430
1_89106,0,0,0,0,0,1,1,20260425,20260430
1_89107,0,0,0,0,0,1,1,20260425,20260430
1_89108,0,0,0,0,0,1,1,20260425,20260430
1_89109,0,0,0,0,0,1,1,20260425,20260430
1_89110,0,0,0,0,0,1,1,20260425,20260430
1_89111,0,0,0,0,0,1,1,20260425,20260430
1_89112,0,0,0,0,0,1,1,20260425,20260430
1_89113,0,0,0,0,0,1,1,20260425,20260430
1_89114,0,0,0,0,0,1,1,20260425,20260430
1_89118,0,0,0,0,0,1,1,20260425,20260430
1_89119,0,0,0,0,0,1,1,20260425,20260430
1_89120,0,0,0,0,0,1,1,20260425,20260430
1_89121,0,0,0,0,0,1,1,20260425,20260430
1_89122,0,0,0,0,0,1,1,20260425,20260430
1_89123,0,0,0,0,0,1,1,20260425,20260430
1_89130,1,1,1,1,1,0,0,20260427,20260430
1_89131,1,1,1,1,1,0,0,20260427,20260430
1_89132,1,1,1,1,1,0,0,20260427,20260430
1_89133,1,1,1,1,1,0,0,20260427,20260430
1_89134,1,1,1,1,1,0,0,20260427,20260430
1_89135,1,1,1,1,1,0,0,20260427,20260430
1_89136,1,1,1,1,1,0,0,20260427,20260430
1_89137,1,1,1,1,1,0,0,20260427,20260430
1_89138,1,1,1,1,1,0,0,20260427,20260430
1_89139,1,1,1,1,1,0,0,20260427,20260430
1_89140,1,1,1,1,1,0,0,20260427,20260430
1_89141,1,1,1,1,1,0,0,20260427,20260430
1_89142,1,1,1,1,1,0,0,20260427,20260430
1_89143,1,1,1,1,1,0,0,20260427,20260430
1_89144,1,1,1,1,1,0,0,20260427,20260430
1_89152,1,1,1,1,1,0,0,20260425,20260430
1_89153,1,1,1,1,1,0,0,20260425,20260430
1_89154,1,1,1,1,1,0,0,20260425,20260430
1_89155,1,1,1,1,1,0,0,20260425,20260430
1_89156,1,1,1,1,1,0,0,20260425,20260430
1_89161,1,1,1,1,1,0,0,20260427,20260430
1_89162,1,1,1,1,1,0,0,20260427,20260430
1_89163,1,1,1,1,1,0,0,20260427,20260430
1_89164,1,1,1,1,1,0,0,20260427,20260430
1_89165,1,1,1,1,1,0,0,20260427,20260430
1_89166,1,1,1,1,1,0,0,20260427,20260430
1_89167,1,1,1,1,1,0,0,20260427,20260430
1_89168,1,1,1,1,1,0,0,20260427,20260430
1_89169,1,1,1,1,1,0,0,20260427,20260430
1_89186,1,1,1,1,1,0,0,20260429,20991231
1_89187,1,1,1,1,1,0,0,20260429,20991231
1_89188,1,1,1,1,1,0,0,20260429,20991231
1_89189,1,1,1,1,1,0,0,20260429,20991231
1_89190,1,1,1,1,1,0,0,20260429,20991231
1_89191,1,1,1,1,1,0,0,20260429,20991231
1_89192,1,1,1,1,1,0,0,20260429,20991231
1_89193,1,1,1,1,1,0,0,20260429,20991231
1_89194,1,1,1,1,1,0,0,20260429,20991231
1_89195,1,1,1,1,1,0,0,20260429,20991231
1_89196,1,1,1,1,1,0,0,20260429,20991231
1_89197,1,1,1,1,1,0,0,20260429,20991231
1_89198,1,1,1,1,1,0,0,20260429,20991231
1_89199,1,1,1,1,1,0,0,20260429,20991231
1_89200,1,1,1,1,1,0,0,20260429,20991231
1_89201,1,1,1,1,1,0,0,20260429,20991231
1_89202,1,1,1,1,1,0,0,20260429,20991231
1_89203,1,1,1,1,1,0,0,20260429,20991231
1_89204,1,1,1,1,1,0,0,20260429,20991231
2_122780,1,1,1,1,1,0,0,20260101,20991231
2_122781,1,1,1,1,1,0,0,20260101,20991231
2_122782,1,1,1,1,1,0,0,20260101,20991231
2_122783,1,1,1,1,1,0,0,20260101,20991231
2_122784,1,1,1,1,1,0,0,20260101,20991231
2_122785,1,1,1,1,1,0,0,20260101,20991231
2_122786,1,1,1,1,1,0,0,20260101,20991231
2_122887,1,1,1,1,1,0,0,20260101,20991231
2_122888,1,1,1,1,1,0,0,20260101,20991231
2_122889,1,1,1,1,1,0,0,20260101,20991231
2_122890,1,1,1,1,1,0,0,20260101,20991231
2_122894,0,0,0,0,0,1,1,20260101,20991231
2_122895,0,0,0,0,0,1,1,20260101,20991231
2_122896,0,0,0,0,0,1,1,20260101,20991231
2_122897,0,0,0,0,0,1,1,20260101,20991231
2_122898,0,0,0,0,0,1,1,20260101,20991231
2_122899,1,1,1,1,1,0,0,20260101,20991231
2_122900,1,1,1,1,1,0,0,20260101,20991231
2_122901,1,1,1,1,1,0,0,20260101,20991231
2_122902,1,1,1,1,1,0,0,20260101,20991231
2_122903,1,1,1,1,1,0,0,20260101,20991231
2_122904,1,1,1,1,1,0,0,20260101,20991231
2_122905,1,1,1,1,1,0,0,20260101,20991231
2_122912,0,0,0,0,0,1,1,20260101,20991231
2_122913,0,0,0,0,0,1,1,20260101,20991231
2_122914,0,0,0,0,0,1,1,20260101,20991231
2_122915,1,1,1,1,1,0,0,20260101,20991231
2_122916,1,1,1,1,1,0,0,20260101,20991231
2_122917,1,1,1,1,1,0,0,20260101,20991231
2_122918,1,1,1,1,1,0,0,20260101,20991231
2_122919,1,1,1,1,1,0,0,20260101,20260430
2_122920,1,1,1,1,1,0,0,20260101,20260430
2_122921,1,1,1,1,1,0,0,20260101,20260430
2_122922,1,1,1,1,1,0,0,20260101,20260430
2_122923,0,0,0,0,0,1,1,20260101,20991231
2_122924,0,0,0,0,0,1,1,20260101,20991231
2_122925,0,0,0,0,0,1,1,20260101,20991231
2_122926,0,0,0,0,0,1,1,20260101,20991231
2_122927,0,0,0,0,0,1,1,20260101,20991231
2_122928,0,0,0,0,0,1,1,20260101,20991231
2_122929,0,0,0,0,0,1,1,20260101,20991231
2_122930,0,0,0,0,0,1,1,20260101,20260430
2_122931,0,0,0,0,0,1,1,20260101,20260430
2_122932,0,0,0,0,0,1,1,20260101,20260430
2_122933,0,0,0,0,0,1,1,20260101,20260430
2_122934,0,0,0,0,0,1,1,20260101,20260430
2_122935,0,0,0,0,0,1,1,20260101,20260430
2_122936,0,0,0,0,0,1,1,20260101,20260430
2_122937,0,0,0,0,0,1,1,20260101,20260430
2_122938,0,0,0,0,0,1,1,20260101,20991231
2_122939,0,0,0,0,0,1,1,20260101,20991231
2_122940,0,0,0,0,0,1,1,20260101,20991231
2_122941,0,0,0,0,0,1,1,20260101,20991231
2_122942,0,0,0,0,0,1,1,20260101,20991231
2_122943,0,0,0,0,0,1,1,20260101,20991231
2_122944,1,1,1,1,1,0,0,20260101,20991231
2_122945,1,1,1,1,1,0,0,20260101,20991231
2_122946,1,1,1,1,1,0,0,20260101,20991231
2_122947,1,1,1,1,1,0,0,20260101,20991231
2_122948,1,1,1,1,1,0,0,20260101,20991231
2_122949,1,1,1,1,1,0,0,20260101,20991231
2_122950,1,1,1,1,1,0,0,20260101,20991231
2_122951,1,1,1,1,1,0,0,20260101,20991231
2_122952,1,1,1,1,1,0,0,20260101,20991231
2_122953,1,1,1,1,1,0,0,20260101,20991231
2_122954,1,1,1,1,1,0,0,20260101,20991231
2_122955,1,1,1,1,1,0,0,20260101,20991231
2_122956,1,1,1,1,1,0,0,20260101,20991231
2_122957,1,1,1,1,1,0,0,20260101,20991231
2_122973,1,1,1,1,1,0,0,20260101,20991231
2_122974,1,1,1,1,1,0,0,20260101,20991231
2_122975,1,1,1,1,1,0,0,20260101,20991231
2_122976,1,1,1,1,1,0,0,20260101,20991231
2_122977,1,1,1,1,1,0,0,20260101,20991231
2_122978,1,1,1,1,1,0,0,20260101,20991231
2_122979,1,1,1,1,1,0,0,20260101,20991231
2_122980,1,1,1,1,1,0,0,20260101,20991231
2_122981,1,1,1,1,1,0,0,20260101,20991231
2_122982,1,1,1,1,1,0,0,20260101,20991231
2_122983,1,1,1,1,1,0,0,20260101,20991231
2_122984,0,0,0,0,0,1,1,20260101,20991231
2_122985,0,0,0,0,0,1,1,20260101,20991231
2_122986,0,0,0,0,0,1,1,20260101,20991231
2_122987,0,0,0,0,0,1,1,20260101,20991231
2_122988,0,0,0,0,0,1,1,20260101,20991231
2_122989,0,0,0,0,0,1,1,20260101,20991231
2_122990,0,0,0,0,0,1,1,20260101,20991231
2_122991,0,0,0,0,0,1,1,20260101,20991231
2_123002,0,0,0,0,0,1,1,20260101,20991231
2_123003,0,0,0,0,0,1,1,20260101,20991231
2_123004,0,0,0,0,0,1,1,20260101,20991231
2_123005,0,0,0,0,0,1,1,20260101,20991231
2_123028,0,0,0,0,0,1,1,20260101,20991231
2_123029,0,0,0,0,0,1,1,20260101,20991231
2_123030,0,0,0,0,0,1,1,20260101,20991231
2_123035,1,1,1,1,1,0,0,20260101,20991231
2_123036,1,1,1,1,1,0,0,20260101,20991231
2_123058,0,0,0,0,0,1,1,20260101,20991231
2_123059,0,0,0,0,0,1,1,20260101,20991231
2_123060,1,1,1,1,1,0,0,20260101,20991231
2_123061,1,1,1,1,1,0,0,20260101,20991231
2_123065,0,0,0,0,0,1,1,20260101,20991231
2_123066,0,0,0,0,0,1,1,20260101,20991231
2_123067,0,0,0,0,0,1,1,20260101,20991231
2_123068,0,0,0,0,0,1,1,20260101,20991231
2_123069,0,0,0,0,0,1,1,20260101,20991231
2_123070,0,0,0,0,0,1,1,20260101,20991231
2_123071,0,0,0,0,0,1,1,20260101,20991231
2_123072,0,0,0,0,0,1,1,20260101,20991231
2_123073,0,0,0,0,0,1,1,20260101,20991231
2_123077,0,0,0,0,0,1,1,20260101,20991231
2_123078,0,0,0,0,0,1,1,20260101,20991231
2_123083,1,1,1,1,1,0,0,20260101,20260430
2_123084,1,1,1,1,1,0,0,20260101,20260430
2_123085,1,1,1,1,1,0,0,20260101,20260430
2_123086,1,1,1,1,1,0,0,20260101,20260430
2_123087,1,1,1,1,1,0,0,20260101,20260430
2_123088,1,1,1,1,1,0,0,20260101,20260430
2_123104,1,1,1,1,1,0,0,20260101,20991231
2_123105,1,1,1,1,1,0,0,20260101,20991231
2_123117,1,1,1,1,1,0,0,20260101,20260430
2_123118,1,1,1,1,1,0,0,20260101,20260430
2_123119,1,1,1,1,1,0,0,20260101,20260430
2_123120,1,1,1,1,1,0,0,20260101,20260430
2_123121,1,1,1,1,1,0,0,20260101,20260430
2_123122,1,1,1,1,1,0,0,20260101,20260430
2_123133,0,0,0,0,0,1,1,20260101,20991231
2_123134,0,0,0,0,0,1,1,20260101,20991231
2_123135,0,0,0,0,0,1,1,20260101,20991231
2_123136,0,0,0,0,0,1,1,20260101,20991231
2_123137,0,0,0,0,0,1,1,20260101,20991231
2_123138,0,0,0,0,0,1,1,20260101,20991231
2_123139,0,0,0,0,0,1,1,20260101,20991231
2_123140,0,0,0,0,0,1,1,20260101,20991231
2_123141,1,1,1,1,1,0,0,20260101,20991231
2_123142,1,1,1,1,1,0,0,20260101,20991231
2_123143,1,1,1,1,1,0,0,20260101,20991231
2_123144,1,1,1,1,1,0,0,20260101,20991231
2_123145,1,1,1,1,1,0,0,20260101,20991231
2_123146,1,1,1,1,1,0,0,20260101,20991231
2_123147,1,1,1,1,1,0,0,20260101,20991231
2_123148,1,1,1,1,1,0,0,20260101,20991231
2_123149,1,1,1,1,1,0,0,20260101,20991231
2_123150,1,1,1,1,1,0,0,20260101,20991231
2_123151,0,0,0,0,0,1,1,20260101,20991231
2_123152,0,0,0,0,0,1,1,20260101,20991231
2_123153,0,0,0,0,0,1,1,20260101,20991231
2_123154,0,0,0,0,0,1,1,20260101,20991231
2_123160,0,0,0,0,0,1,1,20260101,20991231
2_123161,0,0,0,0,0,1,1,20260101,20991231
2_123162,0,0,0,0,0,1,1,20260101,20991231
2_123163,0,0,0,0,0,1,1,20260101,20991231
2_123164,0,0,0,0,0,1,1,20260101,20991231
2_123177,0,0,0,0,0,1,1,20260101,20991231
2_123178,0,0,0,0,0,1,1,20260101,20991231
2_123179,0,0,0,0,0,1,1,20260101,20991231
2_123180,0,0,0,0,0,1,1,20260101,20991231
2_123181,1,1,1,1,1,0,0,20260101,20991231
2_123182,1,1,1,1,1,0,0,20260101,20991231
2_123183,1,1,1,1,1,0,0,20260101,20991231
2_123184,1,1,1,1,1,0,0,20260101,20991231
2_123185,1,1,1,1,1,0,0,20260101,20991231
2_123186,1,1,1,1,1,0,0,20260101,20991231
2_123187,1,1,1,1,1,0,0,20260101,20991231
2_123188,1,1,1,1,1,0,0,20260101,20991231
2_123189,1,1,1,1,1,0,0,20260101,20991231
2_123190,0,0,0,0,0,1,1,20260101,20991231
2_123191,0,0,0,0,0,1,1,20260101,20991231
2_123192,0,0,0,0,0,1,1,20260101,20991231
2_123193,0,0,0,0,0,1,1,20260101,20991231
2_123194,0,0,0,0,0,1,1,20260101,20991231
2_123195,0,0,0,0,0,1,1,20260101,20991231
2_123196,0,0,0,0,0,1,1,20260101,20991231
2_123197,1,1,1,1,1,0,0,20260101,20991231
2_123198,1,1,1,1,1,0,0,20260101,20991231
2_123202,1,1,1,1,1,0,0,20260101,20991231
2_123203,1,1,1,1,1,0,0,20260101,20991231
2_123204,1,1,1,1,1,0,0,20260101,20991231
2_123205,1,1,1,1,1,0,0,20260101,20991231
2_123206,1,1,1,1,1,0,0,20260101,20991231
2_123207,0,0,0,0,0,1,1,20260101,20991231
2_123208,0,0,0,0,0,1,1,20260101,20991231
2_123209,0,0,0,0,0,1,1,20260101,20991231
2_123210,0,0,0,0,0,1,1,20260101,20991231
2_123211,0,0,0,0,0,1,1,20260101,20991231
2_123260,1,1,1,1,1,0,0,20260105,20991231
2_123261,1,1,1,1,1,0,0,20260105,20991231
2_123262,1,1,1,1,1,0,0,20260105,20991231
2_123263,1,1,1,1,1,0,0,20260105,20991231
2_123264,1,1,1,1,1,0,0,20260105,20991231
2_123265,1,1,1,1,1,0,0,20260105,20991231
2_123270,1,1,1,1,1,0,0,20260105,20260430
2_123271,1,1,1,1,1,0,0,20260105,20260430
2_123272,1,1,1,1,1,0,0,20260105,20260430
2_123284,1,1,1,1,1,0,0,20260105,20260430
2_123285,1,1,1,1,1,0,0,20260105,20260430
2_123286,1,1,1,1,1,0,0,20260105,20260430
2_123287,1,1,1,1,1,0,0,20260105,20260430
2_123305,1,1,1,1,1,0,0,20260105,20991231
2_123306,1,1,1,1,1,0,0,20260105,20991231
2_123307,1,1,1,1,1,0,0,20260105,20991231
2_123308,1,1,1,1,1,0,0,20260105,20991231
2_123309,1,1,1,1,1,0,0,20260105,20991231
2_123310,1,1,1,1,1,0,0,20260105,20991231
2_123347,1,1,1,1,1,0,0,20260304,20991231
2_123348,1,1,1,1,1,0,0,20260304,20991231
2_123349,1,1,1,1,1,0,0,20260304,20991231
2_123350,1,1,1,1,1,0,0,20260304,20991231
2_123351,1,1,1,1,1,0,0,20260304,20991231
2_123352,1,1,1,1,1,0,0,20260304,20991231
2_123353,1,1,1,1,1,0,0,20260304,20991231
2_123354,1,1,1,1,1,0,0,20260304,20991231
2_123355,1,1,1,1,1,0,0,20260304,20991231
2_123356,1,1,1,1,1,0,0,20260304,20991231
2_123357,1,1,1,1,1,0,0,20260304,20991231
2_123358,1,1,1,1,1,0,0,20260304,20991231
2_123359,1,1,1,1,1,0,0,20260304,20991231
2_123360,1,1,1,1,1,0,0,20260304,20991231
2_123441,1,1,1,1,1,0,0,20260318,20991231
2_123442,1,1,1,1,1,0,0,20260318,20991231
2_123443,1,1,1,1,1,0,0,20260318,20991231
2_123444,1,1,1,1,1,0,0,20260318,20991231
2_123445,1,1,1,1,1,0,0,20260318,20991231
2_123498,1,1,1,1,1,0,0,20260401,20991231
2_123499,1,1,1,1,1,0,0,20260401,20991231
2_123500,1,1,1,1,1,0,0,20260401,20991231
2_123518,0,0,0,0,0,1,1,20260401,20260430
2_123519,0,0,0,0,0,1,1,20260401,20260430
2_123520,0,0,0,0,0,1,1,20260401,20991231
2_123521,0,0,0,0,0,1,1,20260401,20991231
2_123522,0,0,0,0,0,1,1,20260401,20991231
2_123523,0,0,0,0,0,1,1,20260401,20991231
2_123524,0,0,0,0,0,1,1,20260401,20991231
2_123525,1,1,1,1,1,0,0,20260401,20260430
2_123526,1,1,1,1,1,0,0,20260401,20260430
2_123527,1,1,1,1,1,0,0,20260401,20260430
2_123528,1,1,1,1,1,0,0,20260401,20260430
2_123529,0,0,0,0,0,1,1,20260401,20260430
2_123530,0,0,0,0,0,1,1,20260401,20260430
2_123531,0,0,0,0,0,1,1,20260401,20260430
2_123532,0,0,0,0,0,1,1,20260401,20260430
2_123533,0,0,0,0,0,1,1,20260401,20991231
2_123534,0,0,0,0,0,1,1,20260401,20991231
2_123535,0,0,0,0,0,1,1,20260401,20991231
2_123536,0,0,0,0,0,1,1,20260401,20991231
2_123537,0,0,0,0,0,1,1,20260401,20991231
2_123538,0,0,0,0,0,1,1,20260401,20991231
2_123539,0,0,0,0,0,1,1,20260401,20991231
2_123540,0,0,0,0,0,1,1,20260401,20991231
2_123541,1,1,1,1,1,0,0,20260401,20260430
2_123542,1,1,1,1,1,0,0,20260401,20260430
2_123543,1,1,1,1,1,0,0,20260401,20260430
2_123544,1,1,1,1,1,0,0,20260401,20260430
2_123545,1,1,1,1,1,0,0,20260401,20260430
2_123546,1,1,1,1,1,0,0,20260401,20260430
2_123547,1,1,1,1,1,0,0,20260401,20260430
2_123548,1,1,1,1,1,0,0,20260401,20260430
2_123549,1,1,1,1,1,0,0,20260401,20260430
2_123550,1,1,1,1,1,0,0,20260401,20260430
2_123551,1,1,1,1,1,0,0,20260401,20260430
2_123563,0,0,0,0,0,1,1,20260401,20991231
2_123564,0,0,0,0,0,1,1,20260401,20991231
2_123565,0,0,0,0,0,1,1,20260401,20991231
2_123566,0,0,0,0,0,1,1,20260401,20991231
2_123567,0,0,0,0,0,1,1,20260401,20991231
2_123568,0,0,0,0,0,1,1,20260401,20991231
2_123569,0,0,0,0,0,1,1,20260401,20991231
2_123570,0,0,0,0,0,1,1,20260401,20991231
2_123585,1,1,1,1,1,0,0,20260406,20991231
2_123586,1,1,1,1,1,0,0,20260406,20991231
2_123587,1,1,1,1,1,0,0,20260406,20991231
2_123588,1,1,1,1,1,0,0,20260406,20991231
2_123589,1,1,1,1,1,0,0,20260406,20991231
2_123590,1,1,1,1,1,0,0,20260406,20991231
2_123591,1,1,1,1,1,0,0,20260406,20991231
2_123592,1,1,1,1,1,0,0,20260406,20991231
2_123593,1,1,1,1,1,0,0,20260406,20991231
2_123594,1,1,1,1,1,0,0,20260406,20991231
2_123595,1,1,1,1,1,0,0,20260406,20991231
2_123596,1,1,1,1,1,0,0,20260406,20991231
2_123600,1,1,1,1,1,0,0,20260406,20991231
2_123601,1,1,1,1,1,0,0,20260406,20991231
2_123602,1,1,1,1,1,0,0,20260406,20991231
2_123613,1,1,1,1,1,0,0,20260407,20991231
2_123614,1,1,1,1,1,0,0,20260407,20991231
2_123615,1,1,1,1,1,0,0,20260407,20991231
2_123616,1,1,1,1,1,0,0,20260407,20991231
2_123617,1,1,1,1,1,0,0,20260407,20991231
2_123618,1,1,1,1,1,0,0,20260407,20991231
2_123619,1,1,1,1,1,0,0,20260407,20991231
2_123620,1,1,1,1,1,0,0,20260407,20991231
2_123621,1,1,1,1,1,0,0,20260407,20991231
2_123627,1,1,1,1,1,0,0,20260407,20991231
2_123628,1,1,1,1,1,0,0,20260407,20991231
2_123629,1,1,1,1,1,0,0,20260407,20991231
2_123630,1,1,1,1,1,0,0,20260407,20991231
2_123631,1,1,1,1,1,0,0,20260407,20991231
2_123632,1,1,1,1,1,0,0,20260413,20260430
2_123633,1,1,1,1,1,0,0,20260413,20260430
2_123634,1,1,1,1,1,0,0,20260413,20260430
2_123635,1,1,1,1,1,0,0,20260413,20260430
2_123636,1,1,1,1,1,0,0,20260413,20260430
2_123646,1,1,1,1,1,0,0,20260413,20260430
2_123647,1,1,1,1,1,0,0,20260413,20260430
2_123648,1,1,1,1,1,0,0,20260413,20260430
2_123649,1,1,1,1,1,0,0,20260413,20260430
2_123650,1,1,1,1,1,0,0,20260413,20260430
2_123651,1,1,1,1,1,0,0,20260413,20260430
2_123652,1,1,1,1,1,0,0,20260413,20260430
2_123653,1,1,1,1,1,0,0,20260413,20260430
2_123654,1,1,1,1,1,0,0,20260413,20260430
2_123655,1,1,1,1,1,0,0,20260416,20991231
2_123656,1,1,1,1,1,0,0,20260416,20991231
2_123657,1,1,1,1,1,0,0,20260416,20991231
2_123658,0,0,0,0,0,1,1,20260418,20991231
2_123659,0,0,0,0,0,1,1,20260418,20991231
2_123660,0,0,0,0,0,1,1,20260418,20991231
2_123665,0,0,0,0,0,1,1,20260420,20260430
2_123666,0,0,0,0,0,1,1,20260420,20260430
2_123667,0,0,0,0,0,1,1,20260420,20260430
2_123677,0,0,0,0,0,1,1,20260420,20260430
2_123678,0,0,0,0,0,1,1,20260420,20260430
2_123679,0,0,0,0,0,1,1,20260420,20260430
2_123680,0,0,0,0,0,1,1,20260420,20260430
2_123681,0,0,0,0,0,1,1,20260420,20260430
2_123682,0,0,0,0,0,1,1,20260420,20260430
2_123683,0,0,0,0,0,1,1,20260420,20260430
2_123694,0,0,0,0,0,1,1,20260420,20991231
2_123695,0,0,0,0,0,1,1,20260420,20991231
2_123696,0,0,0,0,0,1,1,20260420,20991231
2_123697,0,0,0,0,0,1,1,20260420,20991231
2_123698,0,0,0,0,0,1,1,20260420,20991231
2_123699,0,0,0,0,0,1,1,20260420,20991231
2_123700,0,0,0,0,0,1,1,20260420,20991231
2_123701,0,0,0,0,0,1,1,20260420,20991231
2_123702,0,0,0,0,0,1,1,20260420,20991231
2_123711,0,0,0,0,0,1,1,20260420,20991231
2_123712,0,0,0,0,0,1,1,20260420,20991231
2_123713,0,0,0,0,0,1,1,20260420,20991231
2_123714,0,0,0,0,0,1,1,20260420,20991231
2_123715,0,0,0,0,0,1,1,20260420,20991231
2_123726,0,0,0,0,0,1,1,20260420,20260430
2_123727,0,0,0,0,0,1,1,20260420,20260430
2_123728,0,0,0,0,0,1,1,20260420,20260430
2_123729,0,0,0,0,0,1,1,20260420,20260430
2_123739,0,0,0,0,0,1,1,20260420,20260430
2_123740,0,0,0,0,0,1,1,20260420,20260430
2_123741,0,0,0,0,0,1,1,20260420,20260430
2_123742,0,0,0,0,0,1,1,20260420,20260430
2_123743,0,0,0,0,0,1,1,20260420,20260430
2_123744,0,0,0,0,0,1,1,20260420,20260430
2_123750,0,0,0,0,0,1,1,20260420,20991231
2_123751,0,0,0,0,0,1,1,20260420,20991231
2_123752,0,0,0,0,0,1,1,20260420,20991231
2_123753,0,0,0,0,0,1,1,20260420,20991231
2_123761,0,0,0,0,0,1,1,20260420,20991231
2_123762,0,0,0,0,0,1,1,20260420,20991231
2_123763,0,0,0,0,0,1,1,20260420,20991231
2_123764,0,0,0,0,0,1,1,20260420,20991231
2_123765,0,0,0,0,0,1,1,20260420,20991231
2_123766,0,0,0,0,0,1,1,20260420,20991231
2_123775,0,0,0,0,0,1,1,20260420,20991231
2_123776,0,0,0,0,0,1,1,20260420,20991231
2_123777,0,0,0,0,0,1,1,20260420,20991231
2_123778,0,0,0,0,0,1,1,20260420,20991231
2_123779,0,0,0,0,0,1,1,20260420,20991231
2_123785,0,0,0,0,0,1,1,20260420,20991231
2_123786,0,0,0,0,0,1,1,20260420,20991231
2_123787,0,0,0,0,0,1,1,20260420,20991231
2_123792,0,0,0,0,0,1,1,20260420,20991231
2_123793,0,0,0,0,0,1,1,20260420,20991231
2_123794,0,0,0,0,0,1,1,20260420,20991231
2_123803,1,1,1,1,1,0,0,20260423,20991231
2_123804,1,1,1,1,1,0,0,20260423,20991231
2_123805,1,1,1,1,1,0,0,20260423,20991231
2_123806,1,1,1,1,1,0,0,20260423,20991231
2_123807,1,1,1,1,1,0,0,20260423,20991231
2_123808,1,1,1,1,1,0,0,20260423,20991231
2_123821,1,1,1,1,1,0,0,20260423,20991231
2_123822,1,1,1,1,1,0,0,20260423,20991231
2_123823,1,1,1,1,1,0,0,20260423,20991231
2_123824,1,1,1,1,1,0,0,20260423,20991231
2_123825,1,1,1,1,1,0,0,20260423,20991231
2_123826,1,1,1,1,1,0,0,20260423,20991231
2_123827,1,1,1,1,1,0,0,20260423,20991231
2_123828,1,1,1,1,1,0,0,20260423,20991231
2_123829,1,1,1,1,1,0,0,20260423,20991231
2_123830,1,1,1,1,1,0,0,20260423,20991231
2_123831,1,1,1,1,1,0,0,20260423,20991231
2_123832,1,1,1,1,1,0,0,20260423,20991231
2_123833,1,1,1,1,1,0,0,20260423,20991231
2_123850,1,1,1,1,1,0,0,20260423,20991231
2_123851,1,1,1,1,1,0,0,20260423,20991231
2_123852,1,1,1,1,1,0,0,20260423,20991231
2_123853,1,1,1,1,1,0,0,20260423,20991231
2_123854,1,1,1,1,1,0,0,20260423,20991231
2_123860,1,1,1,1,1,0,0,20260423,20991231
2_123861,1,1,1,1,1,0,0,20260423,20991231
2_123862,1,1,1,1,1,0,0,20260423,20991231
2_123863,1,1,1,1,1,0,0,20260423,20991231
2_123864,1,1,1,1,1,0,0,20260423,20991231
2_123865,1,1,1,1,1,0,0,20260423,20991231
2_123875,1,1,1,1,1,0,0,20260423,20991231
2_123876,1,1,1,1,1,0,0,20260423,20991231
2_123877,1,1,1,1,1,0,0,20260423,20991231
2_123878,0,0,0,0,0,1,1,20260425,20991231
2_123879,0,0,0,0,0,1,1,20260425,20991231
2_123880,0,0,0,0,0,1,1,20260425,20991231
2_123881,0,0,0,0,0,1,1,20260426,20991231
2_123882,0,0,0,0,0,1,1,20260426,20991231
3_127439,1,1,1,1,1,0,0,20260101,20991231
3_127492,1,1,1,1,1,0,0,20260101,20991231
3_127493,1,1,1,1,1,0,0,20260101,20991231
3_127637,1,1,1,1,1,0,0,20260101,20991231
3_127765,1,1,1,1,1,0,0,20260101,20991231
3_127776,0,0,0,0,0,1,1,20260103,20991231
3_127798,0,0,0,0,0,1,1,20260103,20991231
3_127819,0,0,0,0,0,1,1,20260103,20991231
3_127820,0,0,0,0,0,1,1,20260103,20991231
3_127821,0,0,0,0,0,1,1,20260103,20991231
3_127822,0,0,0,0,0,1,1,20260103,20991231
3_127859,0,0,0,0,0,1,1,20260103,20991231
3_127861,0,0,0,0,0,1,1,20260103,20991231
3_127867,0,0,0,0,0,1,1,20260103,20991231
3_127868,0,0,0,0,0,1,1,20260103,20991231
3_127869,0,0,0,0,0,1,1,20260103,20991231
3_127874,0,0,0,0,0,1,1,20260103,20991231
3_127875,0,0,0,0,0,1,1,20260103,20991231
3_127878,0,0,0,0,0,1,1,20260103,20991231
3_127879,0,0,0,0,0,1,1,20260103,20991231
3_127880,0,0,0,0,0,1,1,20260103,20991231
3_127885,0,0,0,0,0,1,1,20260103,20991231
3_127902,0,0,0,0,0,1,1,20260103,20991231
3_127906,0,0,0,0,0,1,1,20260103,20991231
3_127907,0,0,0,0,0,1,1,20260103,20991231
3_127941,0,0,0,0,0,1,1,20260103,20991231
3_128245,1,1,1,1,1,0,0,20260114,20991231
3_128708,0,0,0,0,0,1,1,20260117,20991231
3_128709,0,0,0,0,0,1,1,20260117,20991231
3_128710,0,0,0,0,0,1,1,20260117,20991231
3_128725,0,0,0,0,0,1,1,20260117,20991231
3_128726,0,0,0,0,0,1,1,20260117,20991231
3_128727,0,0,0,0,0,1,1,20260117,20991231
3_128728,0,0,0,0,0,1,1,20260117,20991231
3_130193,0,0,0,0,0,1,1,20260214,20991231
3_130194,0,0,0,0,0,1,1,20260214,20991231
3_130253,0,0,0,0,0,1,1,20260221,20991231
3_130254,0,0,0,0,0,1,1,20260221,20991231
3_130255,0,0,0,0,0,1,1,20260221,20991231
3_130256,0,0,0,0,0,1,1,20260221,20991231
3_130359,0,0,0,0,0,1,1,20260301,20991231
3_130440,1,1,1,1,1,0,0,20260226,20260430
3_130441,1,1,1,1,1,0,0,20260226,20260430
3_130442,1,1,1,1,1,0,0,20260226,20260430
3_130443,1,1,1,1,1,0,0,20260226,20991231
3_130444,1,1,1,1,1,0,0,20260226,20991231
3_130445,1,1,1,1,1,0,0,20260226,20991231
3_130446,1,1,1,1,1,0,0,20260226,20260430
3_130450,1,1,1,1,1,0,0,20260226,20260430
3_130451,1,1,1,1,1,0,0,20260226,20260430
3_130452,1,1,1,1,1,0,0,20260226,20991231
3_130457,1,1,1,1,1,0,0,20260226,20991231
3_130458,1,1,1,1,1,0,0,20260226,20991231
3_130482,1,1,1,1,1,0,0,20260226,20991231
3_130483,1,1,1,1,1,0,0,20260226,20991231
3_130484,1,1,1,1,1,0,0,20260226,20991231
3_130485,1,1,1,1,1,0,0,20260226,20991231
3_130486,1,1,1,1,1,0,0,20260226,20991231
3_130516,1,1,1,1,1,0,0,20260226,20991231
3_130517,1,1,1,1,1,0,0,20260226,20991231
3_130518,1,1,1,1,1,0,0,20260226,20991231
3_130523,1,1,1,1,1,0,0,20260226,20991231
3_130524,1,1,1,1,1,0,0,20260226,20991231
3_130525,1,1,1,1,1,0,0,20260226,20991231
3_130526,1,1,1,1,1,0,0,20260226,20991231
3_130577,1,1,1,1,1,0,0,20260226,20260430
3_130578,1,1,1,1,1,0,0,20260226,20260430
3_130626,1,1,1,1,1,0,0,20260226,20991231
3_130627,1,1,1,1,1,0,0,20260226,20991231
3_130830,0,0,0,0,0,1,1,20260301,20991231
3_130849,0,0,0,0,0,1,1,20260301,20991231
3_130850,0,0,0,0,0,1,1,20260301,20991231
3_130851,0,0,0,0,0,1,1,20260228,20991231
3_130852,0,0,0,0,0,1,1,20260228,20991231
3_130853,0,0,0,0,0,1,1,20260228,20991231
3_130860,0,0,0,0,0,1,1,20260301,20991231
3_130861,0,0,0,0,0,1,1,20260301,20991231
3_130920,0,0,0,0,0,1,1,20260228,20991231
3_130930,0,0,0,0,0,1,1,20260228,20991231
3_130950,1,1,1,1,1,0,0,20260304,20991231
3_130951,1,1,1,1,1,0,0,20260304,20991231
3_130958,1,1,1,1,1,0,0,20260304,20991231
3_130959,1,1,1,1,1,0,0,20260304,20991231
3_130960,1,1,1,1,1,0,0,20260304,20991231
3_130961,1,1,1,1,1,0,0,20260304,20991231
3_130962,1,1,1,1,1,0,0,20260304,20991231
3_130994,1,1,1,1,1,0,0,20260304,20991231
3_130995,1,1,1,1,1,0,0,20260304,20991231
3_131061,1,1,1,1,1,0,0,20260304,20991231
3_131062,1,1,1,1,1,0,0,20260304,20991231
3_131094,1,1,1,1,1,0,0,20260304,20991231
3_131165,0,0,0,0,0,1,1,20260307,20991231
3_131166,0,0,0,0,0,1,1,20260307,20991231
3_131171,1,1,1,1,1,0,0,20260305,20991231
3_131172,1,1,1,1,1,0,0,20260305,20991231
3_131173,1,1,1,1,1,0,0,20260305,20991231
3_131180,0,0,0,0,0,1,1,20260307,20991231
3_131181,0,0,0,0,0,1,1,20260307,20991231
3_131182,0,0,0,0,0,1,1,20260307,20991231
3_131183,0,0,0,0,0,1,1,20260307,20991231
3_131213,0,0,0,0,0,1,1,20260307,20991231
3_131214,0,0,0,0,0,1,1,20260307,20991231
3_131215,0,0,0,0,0,1,1,20260307,20991231
3_131216,0,0,0,0,0,1,1,20260307,20991231
3_131217,0,0,0,0,0,1,1,20260307,20991231
3_131222,0,0,0,0,0,1,1,20260307,20991231
3_131223,0,0,0,0,0,1,1,20260307,20991231
3_131224,0,0,0,0,0,1,1,20260307,20991231
3_131225,0,0,0,0,0,1,1,20260307,20991231
3_131231,0,0,0,0,0,1,1,20260307,20991231
3_131232,0,0,0,0,0,1,1,20260307,20991231
3_131233,0,0,0,0,0,1,1,20260307,20991231
3_131234,0,0,0,0,0,1,1,20260307,20991231
3_131235,0,0,0,0,0,1,1,20260307,20991231
3_131240,0,0,0,0,0,1,1,20260307,20991231
3_131241,0,0,0,0,0,1,1,20260307,20991231
3_131242,0,0,0,0,0,1,1,20260307,20991231
3_131243,1,1,1,1,1,0,0,20260306,20991231
3_131244,1,1,1,1,1,0,0,20260306,20991231
3_131245,1,1,1,1,1,0,0,20260306,20991231
3_131246,1,1,1,1,1,0,0,20260306,20991231
3_131247,1,1,1,1,1,0,0,20260306,20991231
3_131248,1,1,1,1,1,0,0,20260306,20991231
3_131346,1,1,1,1,1,0,0,20260316,20991231
3_131347,1,1,1,1,1,0,0,20260316,20991231
3_131348,1,1,1,1,1,0,0,20260316,20991231
3_131349,1,1,1,1,1,0,0,20260316,20991231
3_131426,1,1,1,1,1,0,0,20260401,20991231
3_131427,1,1,1,1,1,0,0,20260401,20991231
3_131435,1,1,1,1,1,0,0,20260401,20991231
3_131436,1,1,1,1,1,0,0,20260401,20991231
3_131437,1,1,1,1,1,0,0,20260401,20991231
3_131438,1,1,1,1,1,0,0,20260401,20991231
3_131439,1,1,1,1,1,0,0,20260401,20991231
3_131440,1,1,1,1,1,0,0,20260401,20991231
3_131441,1,1,1,1,1,0,0,20260401,20991231
3_131442,1,1,1,1,1,0,0,20260401,20991231
3_131443,1,1,1,1,1,0,0,20260401,20991231
3_131444,1,1,1,1,1,0,0,20260401,20991231
3_131445,1,1,1,1,1,0,0,20260401,20991231
3_131454,1,1,1,1,1,0,0,20260401,20260430
3_131455,1,1,1,1,1,0,0,20260401,20260430
3_131456,1,1,1,1,1,0,0,20260401,20260430
3_131482,1,1,1,1,1,0,0,20260401,20991231
3_131492,1,1,1,1,1,0,0,20260401,20991231
3_131493,1,1,1,1,1,0,0,20260401,20991231
3_131494,1,1,1,1,1,0,0,20260401,20991231
3_131495,1,1,1,1,1,0,0,20260401,20260430
3_131496,1,1,1,1,1,0,0,20260401,20260430
3_131497,1,1,1,1,1,0,0,20260401,20991231
3_131498,1,1,1,1,1,0,0,20260401,20991231
3_131506,1,1,1,1,1,0,0,20260401,20991231
3_131507,1,1,1,1,1,0,0,20260401,20991231
3_131508,1,1,1,1,1,0,0,20260401,20991231
3_131509,1,1,1,1,1,0,0,20260401,20991231
3_131540,1,1,1,1,1,0,0,20260401,20991231
3_131564,0,0,0,0,0,1,1,20260404,20991231
3_131570,0,0,0,0,0,1,1,20260404,20991231
3_131571,0,0,0,0,0,1,1,20260404,20991231
3_131572,0,0,0,0,0,1,1,20260404,20991231
3_131573,0,0,0,0,0,1,1,20260404,20991231
3_131574,0,0,0,0,0,1,1,20260404,20991231
3_131575,0,0,0,0,0,1,1,20260404,20991231
3_131576,0,0,0,0,0,1,1,20260404,20991231
3_131581,0,0,0,0,0,1,1,20260404,20991231
3_131582,0,0,0,0,0,1,1,20260404,20991231
3_131583,0,0,0,0,0,1,1,20260404,20991231
3_131588,0,0,0,0,0,1,1,20260404,20991231
3_131589,0,0,0,0,0,1,1,20260404,20991231
3_131590,0,0,0,0,0,1,1,20260404,20991231
3_131600,0,0,0,0,0,1,1,20260404,20991231
3_131601,0,0,0,0,0,1,1,20260404,20991231
3_131611,0,0,0,0,0,1,1,20260404,20260501
3_131612,0,0,0,0,0,1,1,20260404,20260501
3_131613,0,0,0,0,0,1,1,20260404,20260501
3_131614,0,0,0,0,0,1,1,20260404,20991231
3_131615,0,0,0,0,0,1,1,20260404,20991231
3_131629,1,1,1,1,1,0,0,20260406,20991231
3_131630,1,1,1,1,1,0,0,20260406,20991231
3_131631,1,1,1,1,1,0,0,20260406,20991231
3_131632,1,1,1,1,1,0,0,20260406,20991231
3_131638,1,1,1,1,1,0,0,20260406,20991231
3_131639,1,1,1,1,1,0,0,20260406,20991231
3_131640,1,1,1,1,1,0,0,20260406,20991231
3_131641,1,1,1,1,1,0,0,20260406,20991231
3_131642,1,1,1,1,1,0,0,20260406,20991231
3_131643,1,1,1,1,1,0,0,20260406,20991231
3_131644,1,1,1,1,1,0,0,20260406,20991231
3_131838,0,0,0,0,0,1,1,20260419,20991231
3_131839,0,0,0,0,0,1,1,20260419,20991231
3_131840,0,0,0,0,0,1,1,20260419,20991231
3_131841,0,0,0,0,0,1,1,20260419,20991231
3_131846,1,1,1,1,1,0,0,20260421,20260430
3_131847,1,1,1,1,1,0,0,20260421,20260430
3_131848,1,1,1,1,1,0,0,20260421,20260430
3_131849,1,1,1,1,1,0,0,20260421,20260430
3_131850,1,1,1,1,1,0,0,20260421,20260430
3_131851,1,1,1,1,1,0,0,20260421,20991231
3_131852,1,1,1,1,1,0,0,20260421,20991231
3_131853,1,1,1,1,1,0,0,20260421,20991231
3_131854,1,1,1,1,1,0,0,20260421,20991231
3_131883,0,0,0,0,0,1,1,20260425,20991231
3_131970,0,0,0,0,0,1,1,20260425,20991231
3_131971,0,0,0,0,0,1,1,20260425,20991231
3_131972,0,0,0,0,0,1,1,20260425,20991231
3_131973,0,0,0,0,0,1,1,20260425,20991231
3_131979,0,0,0,0,0,1,1,20260425,20991231
3_131980,0,0,0,0,0,1,1,20260425,20991231
3_131981,0,0,0,0,0,1,1,20260425,20991231
3_131982,0,0,0,0,0,1,1,20260425,20991231
3_132085,0,0,0,0,0,1,1,20260425,20991231
3_132086,0,0,0,0,0,1,1,20260425,20991231
3_132087,0,0,0,0,0,1,1,20260425,20991231
3_132088,0,0,0,0,0,1,1,20260425,20991231
3_132089,0,0,0,0,0,1,1,20260425,20991231
3_132144,1,1,1,1,1,0,0,20260421,20991231
3_132145,1,1,1,1,1,0,0,20260421,20991231
3_132146,1,1,1,1,1,0,0,20260421,20991231
3_132147,1,1,1,1,1,0,0,20260421,20991231
3_132148,1,1,1,1,1,0,0,20260421,20991231
3_132149,1,1,1,1,1,0,0,20260421,20991231
3_132150,1,1,1,1,1,0,0,20260421,20991231
3_132151,1,1,1,1,1,0,0,20260421,20991231
3_132152,1,1,1,1,1,0,0,20260421,20991231
3_132153,1,1,1,1,1,0,0,20260421,20991231
3_132207,1,1,1,1,1,0,0,20260422,20991231
3_132208,1,1,1,1,1,0,0,20260422,20991231
3_132209,1,1,1,1,1,0,0,20260422,20991231
3_132210,1,1,1,1,1,0,0,20260422,20991231
3_132211,1,1,1,1,1,0,0,20260422,20991231
3_132212,1,1,1,1,1,0,0,20260422,20991231
3_132229,1,1,1,1,1,0,0,20260422,20991231
3_132259,1,1,1,1,1,0,0,20260422,20260430
3_132260,1,1,1,1,1,0,0,20260422,20260430
3_132289,1,1,1,1,1,0,0,20260423,20260430
3_132290,1,1,1,1,1,0,0,20260423,20260430
3_132295,1,1,1,1,1,0,0,20260423,20991231
3_132296,1,1,1,1,1,0,0,20260423,20991231
3_132305,1,1,1,1,1,0,0,20260423,20991231
3_132306,1,1,1,1,1,0,0,20260423,20991231
3_132307,1,1,1,1,1,0,0,20260423,20991231
3_132338,0,0,0,0,0,1,1,20260425,20991231
3_132349,0,0,0,0,0,1,1,20260425,20260501
3_132350,0,0,0,0,0,1,1,20260425,20991231
3_132351,0,0,0,0,0,1,1,20260425,20991231
3_132352,0,0,0,0,0,1,1,20260425,20991231
3_132353,0,0,0,0,0,1,1,20260425,20991231
3_132354,0,0,0,0,0,1,1,20260425,20991231
3_132355,0,0,0,0,0,1,1,20260425,20991231
3_132356,0,0,0,0,0,1,1,20260425,20991231
3_132357,0,0,0,0,0,1,1,20260425,20260501
3_132358,0,0,0,0,0,1,1,20260425,20260501
3_132359,0,0,0,0,0,1,1,20260425,20260501
3_132360,0,0,0,0,0,1,1,20260425,20260501
3_132363,0,0,0,0,0,1,1,20260426,20260501
3_132364,0,0,0,0,0,1,1,20260426,20260501
3_132365,1,1,1,1,1,0,0,20260424,20260430
3_132366,1,1,1,1,1,0,0,20260424,20260430
3_132367,1,1,1,1,1,0,0,20260424,20260430
3_132368,1,1,1,1,1,0,0,20260424,20260430
3_132369,0,0,0,0,0,1,1,20260425,20260430
3_132370,0,0,0,0,0,1,1,20260425,20260430
3_132371,0,0,0,0,0,1,1,20260425,20260430
3_132372,0,0,0,0,0,1,1,20260425,20991231
3_132373,0,0,0,0,0,1,1,20260425,20260501
3_132374,0,0,0,0,0,1,1,20260425,20260501
3_132375,0,0,0,0,0,1,1,20260425,20260501
3_132376,0,0,0,0,0,1,1,20260425,20260430
3_132377,0,0,0,0,0,1,1,20260425,20260430
3_132378,0,0,0,0,0,1,1,20260425,20260430
3_132379,0,0,0,0,0,1,1,20260425,20260430
3_132380,0,0,0,0,0,1,1,20260425,20991231
3_132381,0,0,0,0,0,1,1,20260425,20991231
3_132382,0,0,0,0,0,1,1,20260425,20991231
3_132383,0,0,0,0,0,1,1,20260425,20991231
3_132384,0,0,0,0,0,1,1,20260425,20991231
3_132385,0,0,0,0,0,1,1,20260425,20991231
3_132386,0,0,0,0,0,1,1,20260425,20991231
3_132387,0,0,0,0,0,1,1,20260425,20991231
3_132388,0,0,0,0,0,1,1,20260425,20991231
3_132389,0,0,0,0,0,1,1,20260425,20991231
3_132390,0,0,0,0,0,1,1,20260425,20991231
3_132391,0,0,0,0,0,1,1,20260425,20991231
3_132392,0,0,0,0,0,1,1,20260425,20991231
3_132393,0,0,0,0,0,1,1,20260425,20991231
3_132394,0,0,0,0,0,1,1,20260425,20991231
3_132395,0,0,0,0,0,1,1,20260425,20991231
3_132396,0,0,0,0,0,1,1,20260425,20991231
3_132397,0,0,0,0,0,1,1,20260425,20991231
3_132398,0,0,0,0,0,1,1,20260425,20260501
3_132399,0,0,0,0,0,1,1,20260425,20260501
3_132400,0,0,0,0,0,1,1,20260425,20260501
3_132401,0,0,0,0,0,1,1,20260425,20260501
3_132402,0,0,0,0,0,1,1,20260425,20260501
3_132403,0,0,0,0,0,1,1,20260425,20260501
3_132404,0,0,0,0,0,1,1,20260425,20260501
3_132405,0,0,0,0,0,1,1,20260425,20260501
3_132406,0,0,0,0,0,1,1,20260425,20260501
3_132407,0,0,0,0,0,1,1,20260425,20991231
3_132408,0,0,0,0,0,1,1,20260425,20991231
3_132409,0,0,0,0,0,1,1,20260425,20260430
3_132410,0,0,0,0,0,1,1,20260425,20991231
3_132411,0,0,0,0,0,1,1,20260425,20991231
3_132412,0,0,0,0,0,1,1,20260425,20991231
3_132413,0,0,0,0,0,1,1,20260425,20991231
3_132414,0,0,0,0,0,1,1,20260425,20991231
3_132415,0,0,0,0,0,1,1,20260425,20991231
3_132416,0,0,0,0,0,1,1,20260425,20991231
3_132417,1,1,1,1,1,0,0,20260427,20991231
3_132418,1,1,1,1,1,0,0,20260427,20991231
3_132419,1,1,1,1,1,0,0,20260427,20991231
3_132420,1,1,1,1,1,0,0,20260427,20991231
3_132421,1,1,1,1,1,0,0,20260427,20991231
3_132422,0,0,0,0,0,1,1,20260425,20260430
3_132423,0,0,0,0,0,1,1,20260425,20260430
3_132424,0,0,0,0,0,1,1,20260425,20260430
3_132425,0,0,0,0,0,1,1,20260425,20260430
3_132426,1,1,1,1,1,0,0,20260427,20260430
3_132427,1,1,1,1,1,0,0,20260427,20260430
3_132428,1,1,1,1,1,0,0,20260427,20260430
3_132429,1,1,1,1,1,0,0,20260427,20260430
3_132430,1,1,1,1,1,0,0,20260427,20260430
3_132431,1,1,1,1,1,0,0,20260427,20260430
3_132432,1,1,1,1,1,0,0,20260427,20260430
3_132433,1,1,1,1,1,0,0,20260427,20260430
3_132434,1,1,1,1,1,0,0,20260427,20260430
3_132435,1,1,1,1,1,0,0,20260427,20260430
3_132440,1,1,1,1,1,0,0,20260427,20260430
3_132441,1,1,1,1,1,0,0,20260427,20260430
3_132442,1,1,1,1,1,0,0,20260427,20260430
3_132443,1,1,1,1,1,0,0,20260427,20260430
3_132444,1,1,1,1,1,0,0,20260427,20260430
3_132445,1,1,1,1,1,0,0,20260427,20260430
3_132446,1,1,1,1,1,0,0,20260427,20260430
3_132447,1,1,1,1,1,0,0,20260427,20260430
3_132448,1,1,1,1,1,0,0,20260427,20260430
3_132449,1,1,1,1,1,0,0,20260427,20260430
3_132450,1,1,1,1,1,0,0,20260427,20260430
3_132451,1,1,1,1,1,0,0,20260427,20260430
3_132452,0,0,0,0,0,1,1,20260425,20260501
3_132453,0,0,0,0,0,1,1,20260425,20260501
3_132454,0,0,0,0,0,1,1,20260425,20260501
3_132455,0,0,0,0,0,1,1,20260425,20260501
3_132456,0,0,0,0,0,1,1,20260425,20260501
3_132457,1,1,1,1,1,0,0,20260427,20991231
3_132458,1,1,1,1,1,0,0,20260427,20991231
3_132459,1,1,1,1,1,0,0,20260427,20991231
3_132460,1,1,1,1,1,0,0,20260427,20991231
3_132461,1,1,1,1,1,0,0,20260427,20991231
3_132462,1,1,1,1,1,0,0,20260427,20991231
3_132467,1,1,1,1,1,0,0,20260427,20991231
3_132468,1,1,1,1,1,0,0,20260427,20991231
3_132471,1,1,1,1,1,0,0,20260427,20991231
3_132472,1,1,1,1,1,0,0,20260427,20991231
3_132473,1,1,1,1,1,0,0,20260427,20991231
3_132474,1,1,1,1,1,0,0,20260427,20991231
3_132475,1,1,1,1,1,0,0,20260427,20991231
3_132476,1,1,1,1,1,0,0,20260427,20991231
3_132477,1,1,1,1,1,0,0,20260427,20991231
3_132478,1,1,1,1,1,0,0,20260427,20991231
3_132479,1,1,1,1,1,0,0,20260427,20991231
3_132480,1,1,1,1,1,0,0,20260427,20991231
3_132481,1,1,1,1,1,0,0,20260427,20991231
3_132482,1,1,1,1,1,0,0,20260427,20991231
3_132483,0,0,0,0,0,1,1,20260425,20991231
3_132484,0,0,0,0,0,1,1,20260425,20991231
3_132485,0,0,0,0,0,1,1,20260425,20991231
3_132486,0,0,0,0,0,1,1,20260425,20991231
3_132487,0,0,0,0,0,1,1,20260425,20991231
3_132488,1,1,1,1,1,0,0,20260427,20991231
3_132489,0,0,0,0,0,1,1,20260425,20991231
3_132490,0,0,0,0,0,1,1,20260425,20991231
3_132491,0,0,0,0,0,1,1,20260425,20991231
3_132492,0,0,0,0,0,1,1,20260425,20260430
3_132493,0,0,0,0,0,1,1,20260425,20260430
3_132494,0,0,0,0,0,1,1,20260425,20260430
3_132495,0,0,0,0,0,1,1,20260425,20260430
3_132496,0,0,0,0,0,1,1,20260425,20260430
3_132497,1,1,1,1,1,0,0,20260427,20260430
3_132498,1,1,1,1,1,0,0,20260427,20260430
3_132499,1,1,1,1,1,0,0,20260427,20260430
3_132500,1,1,1,1,1,0,0,20260427,20260430
3_132501,1,1,1,1,1,0,0,20260427,20260430
3_132502,1,1,1,1,1,0,0,20260427,20260430
3_132503,1,1,1,1,1,0,0,20260427,20260430
3_132504,1,1,1,1,1,0,0,20260427,20260430
3_132505,1,1,1,1,1,0,0,20260425,20260430
3_132506,1,1,1,1,1,0,0,20260425,20260430
3_132507,1,1,1,1,1,0,0,20260425,20260430
3_132508,1,1,1,1,1,0,0,20260425,20260430
3_132509,1,1,1,1,1,0,0,20260425,20260430
3_132510,1,1,1,1,1,0,0,20260425,20260430
3_132511,1,1,1,1,1,0,0,20260427,20991231
3_132512,1,1,1,1,1,0,0,20260427,20991231
3_132513,1,1,1,1,1,0,0,20260427,20991231
3_132514,1,1,1,1,1,0,0,20260427,20991231
3_132515,1,1,1,1,1,0,0,20260427,20991231
3_132516,1,1,1,1,1,0,0,20260427,20260430
3_132517,1,1,1,1,1,0,0,20260427,20260430
3_132518,1,1,1,1,1,0,0,20260427,20260430
3_132519,1,1,1,1,1,0,0,20260427,20260430
3_132520,1,1,1,1,1,0,0,20260427,20260430
3_132521,1,1,1,1,1,0,0,20260427,20260430
3_132522,1,1,1,1,1,0,0,20260427,20260430
3_132523,1,1,1,1,1,0,0,20260427,20260430
3_132524,1,1,1,1,1,0,0,20260427,20260430
3_132525,1,1,1,1,1,0,0,20260427,20260430
3_132526,1,1,1,1,1,0,0,20260427,20260430
3_132527,1,1,1,1,1,0,0,20260427,20991231
3_132528,1,1,1,1,1,0,0,20260427,20991231
3_132529,1,1,1,1,1,0,0,20260427,20991231
3_132530,1,1,1,1,1,0,0,20260427,20991231
3_132531,1,1,1,1,1,0,0,20260427,20991231
3_132532,1,1,1,1,1,0,0,20260427,20991231
3_132534,1,1,1,1,1,0,0,20260427,20991231
3_132535,1,1,1,1,1,0,0,20260427,20991231
3_132536,1,1,1,1,1,0,0,20260427,20991231
3_132537,1,1,1,1,1,0,0,20260427,20991231
3_132538,1,1,1,1,1,0,0,20260427,20991231
3_132539,1,1,1,1,1,0,0,20260427,20991231
3_132540,1,1,1,1,1,0,0,20260427,20991231
3_132541,1,1,1,1,1,0,0,20260427,20991231
3_132542,1,1,1,1,1,0,0,20260427,20991231
3_132543,1,1,1,1,1,0,0,20260427,20991231
3_132544,1,1,1,1,1,0,0,20260427,20991231
3_132545,1,1,1,1,1,0,0,20260427,20991231
3_132546,1,1,1,1,1,0,0,20260427,20991231
3_132547,0,0,0,0,0,1,1,20260425,20260501
3_132548,0,0,0,0,0,1,1,20260425,20260501
3_132549,0,0,0,0,0,1,1,20260425,20260501
3_132550,0,0,0,0,0,1,1,20260425,20260501
3_132561,0,0,0,0,0,1,1,20260425,20991231
3_132562,0,0,0,0,0,1,1,20260425,20991231
3_132563,0,0,0,0,0,1,1,20260425,20991231
3_132564,0,0,0,0,0,1,1,20260425,20260501
3_132565,0,0,0,0,0,1,1,20260425,20260501
3_132566,0,0,0,0,0,1,1,20260425,20260501
3_132567,0,0,0,0,0,1,1,20260425,20260501
3_132568,0,0,0,0,0,1,1,20260425,20260501
3_132569,0,0,0,0,0,1,1,20260425,20260501
3_132570,0,0,0,0,0,1,1,20260425,20260501
3_132571,0,0,0,0,0,1,1,20260425,20260501
3_132572,0,0,0,0,0,1,1,20260425,20991231
3_132573,0,0,0,0,0,1,1,20260425,20991231
3_132576,0,0,0,0,0,1,1,20260425,20991231
3_132577,0,0,0,0,0,1,1,20260425,20991231
3_132578,0,0,0,0,0,1,1,20260425,20260501
3_132579,0,0,0,0,0,1,1,20260425,20260501
3_132580,0,0,0,0,0,1,1,20260425,20260501
3_132588,1,1,1,1,1,0,0,20260427,20991231
3_132589,1,1,1,1,1,0,0,20260427,20991231
3_132590,1,1,1,1,1,0,0,20260427,20991231
3_132591,1,1,1,1,1,0,0,20260427,20991231
3_132592,1,1,1,1,1,0,0,20260427,20991231
3_132620,1,1,1,1,1,0,0,20260427,20260430
3_132621,1,1,1,1,1,0,0,20260427,20260430
3_132622,1,1,1,1,1,0,0,20260427,20260430
3_132623,1,1,1,1,1,0,0,20260427,20260430
3_132624,1,1,1,1,1,0,0,20260427,20260430
3_132625,1,1,1,1,1,0,0,20260427,20260430
3_132626,1,1,1,1,1,0,0,20260427,20260430
3_132627,1,1,1,1,1,0,0,20260427,20260430
3_132628,1,1,1,1,1,0,0,20260427,20260430
3_132629,1,1,1,1,1,0,0,20260427,20260430
3_132630,1,1,1,1,1,0,0,20260427,20260430
3_132631,1,1,1,1,1,0,0,20260427,20260430
3_132632,1,1,1,1,1,0,0,20260427,20260430
3_132633,1,1,1,1,1,0,0,20260427,20260430
3_132634,1,1,1,1,1,0,0,20260427,20260430
3_132635,1,1,1,1,1,0,0,20260427,20991231
3_132636,1,1,1,1,1,0,0,20260427,20991231
3_132637,1,1,1,1,1,0,0,20260427,20991231
3_132638,1,1,1,1,1,0,0,20260427,20991231
3_132639,1,1,1,1,1,0,0,20260427,20991231
3_132640,1,1,1,1,1,0,0,20260427,20991231
3_132641,1,1,1,1,1,0,0,20260427,20991231
3_132642,1,1,1,1,1,0,0,20260427,20260430
3_132643,1,1,1,1,1,0,0,20260427,20260430
3_132644,1,1,1,1,1,0,0,20260427,20260430
3_132645,1,1,1,1,1,0,0,20260427,20260430
3_132646,1,1,1,1,1,0,0,20260427,20260430
3_132647,1,1,1,1,1,0,0,20260427,20260430
3_132650,0,0,0,0,0,1,1,20260425,20260501
3_132651,0,0,0,0,0,1,1,20260425,20260430
3_132652,0,0,0,0,0,1,1,20260425,20260430
3_132653,0,0,0,0,0,1,1,20260425,20991231
3_132654,0,0,0,0,0,1,1,20260425,20991231
3_132655,0,0,0,0,0,1,1,20260425,20991231
3_132656,0,0,0,0,0,1,1,20260425,20991231
3_132657,0,0,0,0,0,1,1,20260425,20991231
3_132658,0,0,0,0,0,1,1,20260425,20260430
3_132659,1,1,1,1,1,0,0,20260427,20260430
3_132660,1,1,1,1,1,0,0,20260427,20260430
3_132661,1,1,1,1,1,0,0,20260427,20260430
3_132662,1,1,1,1,1,0,0,20260427,20260430
3_132674,1,1,1,1,1,0,0,20260428,20991231
3_132675,1,1,1,1,1,0,0,20260428,20991231
3_132676,1,1,1,1,1,0,0,20260428,20991231
3_132677,1,1,1,1,1,0,0,20260428,20991231
3_132678,1,1,1,1,1,0,0,20260428,20991231
3_132679,1,1,1,1,1,0,0,20260428,20991231
3_132680,1,1,1,1,1,0,0,20260428,20991231
3_132681,1,1,1,1,1,0,0,20260428,20991231
3_132682,1,1,1,1,1,0,0,20260428,20991231
3_132683,1,1,1,1,1,0,0,20260428,20991231
3_132684,1,1,1,1,1,0,0,20260429,20991231
3_132685,1,1,1,1,1,0,0,20260429,20991231
3_132686,1,1,1,1,1,0,0,20260429,20991231
3_132687,1,1,1,1,1,0,0,20260429,20991231
3_132694,1,1,1,1,1,0,0,20260429,20991231
3_132695,1,1,1,1,1,0,0,20260429,20991231
3_132696,1,1,1,1,1,0,0,20260429,20991231
3_132697,1,1,1,1,1,0,0,20260429,20991231
3_132698,1,1,1,1,1,0,0,20260429,20991231
3_132699,1,1,1,1,1,0,0,20260429,20991231
3_132700,1,1,1,1,1,0,0,20260429,20991231
3_132701,1,1,1,1,1,0,0,20260429,20991231
3_132702,1,1,1,1,1,0,0,20260429,20991231
3_132703,1,1,1,1,1,0,0,20260429,20991231
3_132704,1,1,1,1,1,0,0,20260429,20991231
3_132705,1,1,1,1,1,0,0,20260429,20991231
3_132706,1,1,1,1,1,0,0,20260429,20991231
3_132707,1,1,1,1,1,0,0,20260429,20991231
3_132708,1,1,1,1,1,0,0,20260429,20991231
3_132709,1,1,1,1,1,0,0,20260429,20991231
3_132710,1,1,1,1,1,0,0,20260429,20991231
3_132711,1,1,1,1,1,0,0,20260429,20991231
3_132712,1,1,1,1,1,0,0,20260429,20991231
3_132713,1,1,1,1,1,0,0,20260430,20260430
3_132714,1,1,1,1,1,0,0,20260430,20260430
3_132716,1,1,1,1,1,0,0,20260430,20991231
3_132717,1,1,1,1,1,0,0,20260430,20991231
3_132718,1,1,1,1,1,0,0,20260430,20991231
3_132719,1,1,1,1,1,0,0,20260430,20991231
3_132720,1,1,1,1,1,0,0,20260430,20991231
3_132721,1,1,1,1,1,0,0,20260430,20991231
3_132722,1,1,1,1,1,0,0,20260430,20991231
3_132723,1,1,1,1,1,0,0,20260430,20991231
3_132724,1,1,1,1,1,0,0,20260430,20991231
3_132725,1,1,1,1,1,0,0,20260430,20991231
3_132726,1,1,1,1,1,0,0,20260430,20991231
3_132727,1,1,1,1,1,0,0,20260430,20991231
3_132728,1,1,1,1,1,0,0,20260430,20991231
3_132729,1,1,1,1,1,0,0,20260430,20991231
3_132730,1,1,1,1,1,0,0,20260430,20991231
3_132731,1,1,1,1,1,0,0,20260430,20991231
3_132732,1,1,1,1,1,0,0,20260430,20991231
3_132733,1,1,1,1,1,0,0,20260430,20991231
3_132734,1,1,1,1,1,0,0,20260430,20991231
3_132735,1,1,1,1,1,0,0,20260430,20991231
3_132736,1,1,1,1,1,0,0,20260430,20991231
3_132737,1,1,1,1,1,0,0,20260430,20991231
3_132738,1,1,1,1,1,0,0,20260430,20991231
3_132739,1,1,1,1,1,0,0,20260430,20991231
3_132740,1,1,1,1,1,0,0,20260430,20991231
3_132741,1,1,1,1,1,0,0,20260430,20991231
3_132742,1,1,1,1,1,0,0,20260430,20991231
3_132743,1,1,1,1,1,0,0,20260430,20991231
3_132744,1,1,1,1,1,0,0,20260430,20991231
3_132745,1,1,1,1,1,0,0,20260430,20991231
3_132746,1,1,1,1,1,0,0,20260430,20991231
3_132747,1,1,1,1,1,0,0,20260430,20991231
3_132748,1,1,1,1,1,0,0,20260430,20991231
3_132749,1,1,1,1,1,0,0,20260430,20991231
